0.87561534 0.03163312 -0.02045735 -0.01369073 0.0253442 0.06229517 -0.00263434 -0.05246249 -0.02572734 -0.08701009
0.03163312 0.99235784 -0.02055297 0.13926592 0.03879303 0.09922104 -0.06638887 -0.0060555 0.00668371 0.06820397
-0.02045735 -0.02055297 0.98659991 0.08943287 -0.08508302 -0.0716091 -0.08281229 -0.01435225 -0.11719234 -0.00510613
-0.01369073 0.13926592 0.08943287 1.00825981 0.14113738 0.18777835 -0.03902418 -0.03196564 -0.08153089 0.03236124
0.0253442 0.03879303 -0.08508302 0.14113738 1.04930819 0.40289113 -0.0871252 -0.04439961 0.0225174 0.03753505
0.06229517 0.09922104 -0.0716091 0.18777835 0.40289113 1.06271158 -0.0510772 -0.0453731 -0.04979019 -0.01716475
-0.00263434 -0.06638887 -0.08281229 -0.03902418 -0.0871252 -0.0510772 0.93149812 -0.04709518 -0.03029264 -0.07035574
-0.05246249 -0.0060555 -0.01435225 -0.03196564 -0.04439961 -0.0453731 -0.04709518 0.92033222 0.24654304 0.18390585
-0.02572734 0.00668371 -0.11719234 -0.08153089 0.0225174 -0.04979019 -0.03029264 0.24654304 1.00314881 0.47996664
-0.08701009 0.06820397 -0.00510613 0.03236124 0.03753505 -0.01716475 -0.07035574 0.18390585 0.47996664 0.9844241
